millisec, event-type, event-code, event-value
53, 4, 4, 458792
53, 1, 28, 0
53, 0, 0, 0
1682, 4, 4, 458796
1682, 1, 57, 1
1682, 0, 0, 0
1782, 4, 4, 458796
1782, 1, 57, 0
1782, 0, 0, 0
4729, 4, 4, 458809
4729, 1, 58, 1
4729, 0, 0, 0
4981, 1, 58, 2
4981, 0, 0, 1
4990, 4, 4, 458781
4990, 1, 44, 1
4990, 0, 0, 0
5105, 4, 4, 458781
5105, 1, 44, 0
5105, 0, 0, 0
5110, 4, 4, 458809
5110, 1, 58, 0
5110, 0, 0, 0
5271, 4, 4, 458767
5271, 1, 38, 1
5271, 0, 0, 0
5361, 4, 4, 458767
5361, 1, 38, 0
5361, 0, 0, 0
5376, 4, 4, 458775
5376, 1, 20, 1
5376, 0, 0, 0
5456, 4, 4, 458775
5456, 1, 20, 0
5456, 0, 0, 0
5471, 4, 4, 458792
5471, 1, 28, 1
5471, 0, 0, 0
5541, 4, 4, 458792
5541, 1, 28, 0
5541, 0, 0, 0
6654, 4, 4, 458792
6654, 1, 28, 1
6654, 0, 0, 0
6754, 4, 4, 458792
6754, 1, 28, 0
6754, 0, 0, 0
8263, 4, 4, 458977
8263, 1, 42, 1
8263, 0, 0, 0
8428, 4, 4, 458782
8428, 1, 2, 1
8428, 0, 0, 0
8493, 4, 4, 458782
8493, 1, 2, 0
8493, 0, 0, 0
8528, 4, 4, 458977
8528, 1, 42, 0
8528, 0, 0, 0
8809, 4, 4, 458774
8809, 1, 31, 1
8809, 0, 0, 0
8889, 4, 4, 458774
8889, 1, 31, 0
8889, 0, 0, 0
8924, 4, 4, 458776
8924, 1, 22, 1
8924, 0, 0, 0
8989, 4, 4, 458776
8989, 1, 22, 0
8989, 0, 0, 0
9009, 4, 4, 458759
9009, 1, 32, 1
9009, 0, 0, 0
9075, 4, 4, 458759
9075, 1, 32, 0
9075, 0, 0, 0
9120, 4, 4, 458770
9120, 1, 24, 1
9120, 0, 0, 0
9190, 4, 4, 458770
9190, 1, 24, 0
9190, 0, 0, 0
9375, 4, 4, 458792
9375, 1, 28, 1
9375, 0, 0, 0
9410, 4, 4, 458792
9410, 1, 28, 0
9410, 0, 0, 0
9511, 4, 4, 458792
9511, 1, 28, 1
9511, 0, 0, 0
9566, 4, 4, 458792
9566, 1, 28, 0
9566, 0, 0, 0
10192, 4, 4, 458767
10192, 1, 38, 1
10192, 0, 0, 0
10267, 4, 4, 458767
10267, 1, 38, 0
10267, 0, 0, 0
10278, 4, 4, 458775
10278, 1, 20, 1
10278, 0, 0, 0
10338, 4, 4, 458775
10338, 1, 20, 0
10338, 0, 0, 0
10343, 4, 4, 458792
10343, 1, 28, 1
10343, 0, 0, 0
10423, 4, 4, 458792
10423, 1, 28, 0
10423, 0, 0, 0
10949, 4, 4, 458767
10949, 1, 38, 1
10949, 0, 0, 0
11019, 4, 4, 458760
11019, 1, 18, 1
11019, 0, 0, 0
11034, 4, 4, 458767
11034, 1, 38, 0
11034, 0, 0, 0
11054, 4, 4, 458760
11054, 1, 18, 0
11054, 0, 0, 0
11175, 4, 4, 458774
11175, 1, 31, 1
11175, 0, 0, 0
11245, 4, 4, 458774
11245, 1, 31, 0
11245, 0, 0, 0
11350, 4, 4, 458774
11350, 1, 31, 1
11350, 0, 0, 0
11445, 4, 4, 458774
11445, 1, 31, 0
11445, 0, 0, 0
11465, 4, 4, 458796
11465, 1, 57, 1
11465, 0, 0, 0
11566, 4, 4, 458796
11566, 1, 57, 0
11566, 0, 0, 0
11586, 4, 4, 458767
11586, 1, 38, 1
11586, 0, 0, 0
11651, 4, 4, 458756
11651, 1, 30, 1
11651, 0, 0, 0
11681, 4, 4, 458767
11681, 1, 38, 0
11681, 0, 0, 0
11741, 4, 4, 458762
11741, 1, 34, 1
11741, 0, 0, 0
11786, 4, 4, 458756
11786, 1, 30, 0
11786, 0, 0, 0
11831, 4, 4, 458762
11831, 1, 34, 0
11831, 0, 0, 0
11836, 4, 4, 458797
11836, 1, 12, 1
11836, 0, 0, 0
11931, 4, 4, 458797
11931, 1, 12, 0
11931, 0, 0, 0
12172, 4, 4, 458766
12172, 1, 37, 1
12172, 0, 0, 0
12252, 4, 4, 458795
12252, 1, 15, 1
12252, 0, 0, 0
12257, 4, 4, 458766
12257, 1, 37, 0
12257, 0, 0, 0
12367, 4, 4, 458795
12367, 1, 15, 0
12367, 0, 0, 0
12844, 4, 4, 458792
12844, 1, 28, 1
12844, 0, 0, 0
12929, 4, 4, 458792
12929, 1, 28, 0
12929, 0, 0, 0
13510, 4, 4, 458796
13510, 1, 57, 1
13510, 0, 0, 0
13570, 4, 4, 458796
13570, 1, 57, 0
13570, 0, 0, 0
14498, 4, 4, 458796
14498, 1, 57, 1
14498, 0, 0, 0
14613, 4, 4, 458796
14613, 1, 57, 0
14613, 0, 0, 0
14733, 4, 4, 458796
14733, 1, 57, 1
14733, 0, 0, 0
14803, 4, 4, 458796
14803, 1, 57, 0
14803, 0, 0, 0
15079, 4, 4, 458772
15079, 1, 16, 1
15079, 0, 0, 0
15174, 4, 4, 458772
15174, 1, 16, 0
15174, 0, 0, 0
16733, 4, 4, 458767
16733, 1, 38, 1
16733, 0, 0, 0
16803, 4, 4, 458767
16803, 1, 38, 0
16803, 0, 0, 0
16813, 4, 4, 458775
16813, 1, 20, 1
16813, 0, 0, 0
16873, 4, 4, 458775
16873, 1, 20, 0
16873, 0, 0, 0
16888, 4, 4, 458792
16888, 1, 28, 1
16888, 0, 0, 0
16983, 4, 4, 458792
16983, 1, 28, 0
16983, 0, 0, 0
17740, 4, 4, 458775
17740, 1, 20, 1
17740, 0, 0, 0
17825, 4, 4, 458775
17825, 1, 20, 0
17825, 0, 0, 0
17881, 4, 4, 458756
17881, 1, 30, 1
17881, 0, 0, 0
17961, 4, 4, 458764
17961, 1, 23, 1
17961, 0, 0, 0
17991, 4, 4, 458756
17991, 1, 30, 0
17991, 0, 0, 0
18066, 4, 4, 458767
18066, 1, 38, 1
18066, 0, 0, 0
18111, 4, 4, 458796
18111, 1, 57, 1
18111, 0, 0, 0
18126, 4, 4, 458764
18126, 1, 23, 0
18126, 0, 0, 0
18166, 4, 4, 458767
18166, 1, 38, 0
18166, 0, 0, 0
18226, 4, 4, 458796
18226, 1, 57, 0
18226, 0, 0, 0
18302, 4, 4, 458797
18302, 1, 12, 1
18302, 0, 0, 0
18377, 4, 4, 458797
18377, 1, 12, 0
18377, 0, 0, 0
18442, 4, 4, 458761
18442, 1, 33, 1
18442, 0, 0, 0
18547, 4, 4, 458761
18547, 1, 33, 0
18547, 0, 0, 0
18587, 4, 4, 458796
18587, 1, 57, 1
18587, 0, 0, 0
18657, 4, 4, 458796
18657, 1, 57, 0
18657, 0, 0, 0
18813, 4, 4, 458767
18813, 1, 38, 1
18813, 0, 0, 0
18973, 4, 4, 458767
18973, 1, 38, 0
18973, 0, 0, 0
19279, 4, 4, 458756
19279, 1, 30, 1
19279, 0, 0, 0
19374, 4, 4, 458762
19374, 1, 34, 1
19374, 0, 0, 0
19394, 4, 4, 458756
19394, 1, 30, 0
19394, 0, 0, 0
19454, 4, 4, 458762
19454, 1, 34, 0
19454, 0, 0, 0
19525, 4, 4, 458797
19525, 1, 12, 1
19525, 0, 0, 0
19605, 4, 4, 458797
19605, 1, 12, 0
19605, 0, 0, 0
19675, 4, 4, 458795
19675, 1, 15, 1
19675, 0, 0, 0
19800, 4, 4, 458795
19800, 1, 15, 0
19800, 0, 0, 0
20181, 4, 4, 458766
20181, 1, 37, 1
20181, 0, 0, 0
20276, 4, 4, 458766
20276, 1, 37, 0
20276, 0, 0, 0
20452, 4, 4, 458795
20452, 1, 15, 1
20452, 0, 0, 0
20572, 4, 4, 458795
20572, 1, 15, 0
20572, 0, 0, 0
20788, 4, 4, 458792
20788, 1, 28, 1
20788, 0, 0, 0
20883, 4, 4, 458792
20883, 1, 28, 0
20883, 0, 0, 0
31914, 4, 4, 458775
31914, 1, 20, 1
31914, 0, 0, 0
31989, 4, 4, 458763
31989, 1, 35, 1
31989, 0, 0, 0
31999, 4, 4, 458775
31999, 1, 20, 0
31999, 0, 0, 0
32079, 4, 4, 458763
32079, 1, 35, 0
32079, 0, 0, 0
32099, 4, 4, 458760
32099, 1, 18, 1
32099, 0, 0, 0
32195, 4, 4, 458760
32195, 1, 18, 0
32195, 0, 0, 0
32901, 4, 4, 458796
32901, 1, 57, 1
32901, 0, 0, 0
32972, 4, 4, 458796
32972, 1, 57, 0
32972, 0, 0, 0
33082, 4, 4, 458772
33082, 1, 16, 1
33082, 0, 0, 0
33177, 4, 4, 458772
33177, 1, 16, 0
33177, 0, 0, 0
33197, 4, 4, 458776
33197, 1, 22, 1
33197, 0, 0, 0
33262, 4, 4, 458764
33262, 1, 23, 1
33262, 0, 0, 0
33347, 4, 4, 458776
33347, 1, 22, 0
33347, 0, 0, 0
33378, 4, 4, 458764
33378, 1, 23, 0
33378, 0, 0, 0
33418, 4, 4, 458758
33418, 1, 46, 1
33418, 0, 0, 0
33518, 4, 4, 458758
33518, 1, 46, 0
33518, 0, 0, 0
33533, 4, 4, 458766
33533, 1, 37, 1
33533, 0, 0, 0
33618, 4, 4, 458796
33618, 1, 57, 1
33618, 0, 0, 0
33658, 4, 4, 458766
33658, 1, 37, 0
33658, 0, 0, 0
33698, 4, 4, 458796
33698, 1, 57, 0
33698, 0, 0, 0
33834, 4, 4, 458757
33834, 1, 48, 1
33834, 0, 0, 0
33904, 4, 4, 458757
33904, 1, 48, 0
33904, 0, 0, 0
34074, 4, 4, 458773
34074, 1, 19, 1
34074, 0, 0, 0
34154, 4, 4, 458773
34154, 1, 19, 0
34154, 0, 0, 0
34220, 4, 4, 458770
34220, 1, 24, 1
34220, 0, 0, 0
34325, 4, 4, 458770
34325, 1, 24, 0
34325, 4, 4, 458778
34325, 1, 17, 1
34325, 0, 0, 0
34395, 4, 4, 458778
34395, 1, 17, 0
34395, 0, 0, 0
34505, 4, 4, 458769
34505, 1, 49, 1
34505, 0, 0, 0
34621, 4, 4, 458769
34621, 1, 49, 0
34621, 0, 0, 0
34726, 4, 4, 458796
34726, 1, 57, 1
34726, 0, 0, 0
34806, 4, 4, 458796
34806, 1, 57, 0
34806, 0, 0, 0
34851, 4, 4, 458761
34851, 1, 33, 1
34851, 0, 0, 0
34931, 4, 4, 458761
34931, 1, 33, 0
34931, 0, 0, 0
35057, 4, 4, 458770
35057, 1, 24, 1
35057, 0, 0, 0
35162, 4, 4, 458770
35162, 1, 24, 0
35162, 4, 4, 458779
35162, 1, 45, 1
35162, 0, 0, 0
35257, 4, 4, 458779
35257, 1, 45, 0
35257, 0, 0, 0
35372, 4, 4, 458760
35372, 1, 18, 1
35372, 0, 0, 0
35437, 4, 4, 458760
35437, 1, 18, 0
35437, 0, 0, 0
35523, 4, 4, 458774
35523, 1, 31, 1
35523, 0, 0, 0
35613, 4, 4, 458774
35613, 1, 31, 0
35613, 0, 0, 0
35663, 4, 4, 458796
35663, 1, 57, 1
35663, 0, 0, 0
35733, 4, 4, 458796
35733, 1, 57, 0
35733, 0, 0, 0
35813, 4, 4, 458765
35813, 1, 36, 1
35813, 0, 0, 0
35858, 4, 4, 458765
35858, 1, 36, 0
35858, 0, 0, 0
35974, 4, 4, 458776
35974, 1, 22, 1
35974, 0, 0, 0
36044, 4, 4, 458776
36044, 1, 22, 0
36044, 0, 0, 0
36174, 4, 4, 458768
36174, 1, 50, 1
36174, 0, 0, 0
36279, 4, 4, 458771
36279, 1, 25, 1
36279, 0, 0, 0
36289, 4, 4, 458768
36289, 1, 50, 0
36289, 0, 0, 0
36390, 4, 4, 458771
36390, 1, 25, 0
36390, 4, 4, 458760
36390, 1, 18, 1
36390, 0, 0, 0
36460, 4, 4, 458760
36460, 1, 18, 0
36460, 0, 0, 0
36570, 4, 4, 458759
36570, 1, 32, 1
36570, 0, 0, 0
3