millisec, event-type, event-code, event-value
3828, 2, 0, -1
3828, 0, 0, 0
3831, 2, 0, -1
3831, 0, 0, 0
3833, 2, 0, -1
3833, 2, 1, 1
3833, 0, 0, 0
3834, 2, 0, -1
3834, 0, 0, 0
3836, 2, 0, -1
3836, 0, 0, 0
3837, 2, 0, -1
3837, 0, 0, 0
3838, 2, 1, 1
3838, 0, 0, 0
3839, 2, 0, -1
3839, 0, 0, 0
3840, 2, 0, -1
3840, 0, 0, 0
3841, 2, 1, 1
3841, 0, 0, 0
3842, 2, 0, -1
3842, 0, 0, 0
3843, 2, 0, -1
3843, 0, 0, 0
3845, 2, 0, -1
3845, 2, 1, 1
3845, 0, 0, 0
3846, 2, 0, -1
3846, 0, 0, 0
3847, 2, 0, -1
3847, 0, 0, 0
3848, 2, 1, 1
3848, 0, 0, 0
3849, 2, 0, -1
3849, 0, 0, 0
3850, 2, 0, -1
3850, 0, 0, 0
3852, 2, 0, -1
3852, 2, 1, 1
3852, 0, 0, 0
3854, 2, 0, -1
3854, 0, 0, 0
3855, 2, 0, -1
3855, 0, 0, 0
3857, 2, 0, -1
3857, 2, 1, 1
3857, 0, 0, 0
3859, 2, 0, -1
3859, 0, 0, 0
3861, 2, 0, -1
3861, 0, 0, 0
3863, 2, 0, -1
3863, 0, 0, 0
3865, 2, 0, -1
3865, 2, 1, 1
3865, 0, 0, 0
3867, 2, 0, -1
3867, 0, 0, 0
3870, 2, 0, -1
3870, 0, 0, 0
3872, 2, 0, -1
3872, 0, 0, 0
3873, 2, 1, 1
3873, 0, 0, 0
3875, 2, 0, -1
3875, 0, 0, 0
3877, 2, 0, -1
3877, 0, 0, 0
3879, 2, 0, -1
3879, 0, 0, 0
3881, 2, 0, -1
3881, 0, 0, 0
3883, 2, 0, -1
3883, 0, 0, 0
3885, 2, 0, -1
3885, 0, 0, 0
3887, 2, 0, -1
3887, 2, 1, 1
3887, 0, 0, 0
3888, 2, 0, -1
3888, 0, 0, 0
3889, 2, 0, -1
3889, 0, 0, 0
3891, 2, 0, -1
3891, 0, 0, 0
3892, 2, 0, -1
3892, 0, 0, 0
3894, 2, 0, -1
3894, 0, 0, 0
3895, 2, 0, -1
3895, 2, 1, 1
3895, 0, 0, 0
3896, 2, 0, -1
3896, 0, 0, 0
3897, 2, 0, -1
3897, 0, 0, 0
3898, 2, 0, -1
3898, 0, 0, 0
3899, 2, 0, -1
3899, 0, 0, 0
3901, 2, 0, -2
3901, 2, 1, 1
3901, 0, 0, 0
3902, 2, 0, -2
3902, 0, 0, 0
3904, 2, 0, -2
3904, 0, 0, 0
3905, 2, 0, -1
3905, 2, 1, 1
3905, 0, 0, 0
3906, 2, 0, -1
3906, 0, 0, 0
3907, 2, 0, -1
3907, 0, 0, 0
3908, 2, 0, -1
3908, 2, 1, 1
3908, 0, 0, 0
3909, 2, 0, -2
3909, 0, 0, 0
3910, 2, 0, -1
3910, 0, 0, 0
3911, 2, 0, -1
3911, 0, 0, 0
3912, 2, 0, -1
3912, 2, 1, 1
3912, 0, 0, 0
3913, 2, 0, -1
3913, 0, 0, 0
3914, 2, 0, -2
3914, 2, 1, 1
3914, 0, 0, 0
3915, 2, 0, -2
3915, 0, 0, 0
3916, 2, 0, -1
3916, 0, 0, 0
3917, 2, 0, -1
3917, 0, 0, 0
3918, 2, 0, -1
3918, 2, 1, 1
3918, 0, 0, 0
3919, 2, 0, -2
3919, 0, 0, 0
3920, 2, 0, -1
3920, 0, 0, 0
3921, 2, 0, -1
3921, 2, 1, 1
3921, 0, 0, 0
3922, 2, 0, -1
3922, 0, 0, 0
3923, 2, 0, -1
3923, 0, 0, 0
3924, 2, 0, -2
3924, 2, 1, 1
3924, 0, 0, 0
3925, 2, 0, -1
3925, 0, 0, 0
3926, 2, 0, -1
3926, 0, 0, 0
3927, 2, 0, -1
3927, 2, 1, 1
3927, 0, 0, 0
3928, 2, 0, -1
3928, 0, 0, 0
3929, 2, 0, -2
3929, 0, 0, 0
3930, 2, 0, -1
3930, 2, 1, 1
3930, 0, 0, 0
3931, 2, 0, -1
3931, 0, 0, 0
3932, 2, 0, -1
3932, 0, 0, 0
3933, 2, 0, -2
3933, 0, 0, 0
3934, 2, 0, -1
3934, 2, 1, 1
3934, 0, 0, 0
3935, 2, 0, -1
3935, 0, 0, 0
3936, 2, 0, -2
3936, 2, 1, 1
3936, 0, 0, 0
3937, 2, 0, -1
3937, 0, 0, 0
3938, 2, 0, -1
3938, 0, 0, 0
3939, 2, 0, -1
3939, 0, 0, 0
3940, 2, 0, -1
3940, 2, 1, 1
3940, 0, 0, 0
3941, 2, 0, -2
3941, 0, 0, 0
3942, 2, 1, 1
3942, 0, 0, 0
3943, 2, 0, -2
3943, 0, 0, 0
3944, 2, 0, -1
3944, 0, 0, 0
3945, 2, 0, -1
3945, 2, 1, 1
3945, 0, 0, 0
3946, 2, 0, -1
3946, 0, 0, 0
3947, 2, 0, -2
3947, 2, 1, 1
3947, 0, 0, 0
3948, 2, 0, -1
3948, 0, 0, 0
3949, 2, 0, -2
3949, 0, 0, 0
3950, 2, 0, -1
3950, 2, 1, 1
3950, 0, 0, 0
3951, 2, 0, -1
3951, 0, 0, 0
3952, 2, 0, -2
3952, 2, 1, 1
3952, 0, 0, 0
3953, 2, 0, -1
3953, 0, 0, 0
3954, 2, 0, -1
3954, 2, 1, 1
3954, 0, 0, 0
3955, 2, 0, -1
3955, 0, 0, 0
3956, 2, 0, -1
3956, 2, 1, 1
3956, 0, 0, 0
3957, 2, 0, -2
3957, 0, 0, 0
3958, 2, 0, -1
3958, 0, 0, 0
3959, 2, 0, -1
3959, 2, 1, 1
3959, 0, 0, 0
3960, 2, 0, -1
3960, 0, 0, 0
3961, 2, 0, -1
3961, 2, 1, 1
3961, 0, 0, 0
3962, 2, 0, -1
3962, 0, 0, 0
3963, 2, 0, -2
3963, 0, 0, 0
3964, 2, 0, -1
3964, 2, 1, 1
3964, 0, 0, 0
3965, 2, 0, -1
3965, 0, 0, 0
3966, 2, 0, -2
3966, 2, 1, 1
3966, 0, 0, 0
3967, 2, 0, -1
3967, 0, 0, 0
3968, 2, 0, -1
3968, 2, 1, 1
3968, 0, 0, 0
3969, 2, 0, -2
3969, 0, 0, 0
3970, 2, 0, -1
3970, 2, 1, 1
3970, 0, 0, 0
3971, 2, 0, -2
3971, 2, 1, 1
3971, 0, 0, 0
3972, 2, 0, -2
3972, 0, 0, 0
3973, 2, 0, -1
3973, 2, 1, 1
3973, 0, 0, 0
3974, 2, 0, -1
3974, 0, 0, 0
3975, 2, 0, -1
3975, 0, 0, 0
3976, 2, 0, -2
3976, 2, 1, 1
3976, 0, 0, 0
3977, 2, 0, -1
3977, 0, 0, 0
3978, 2, 0, -2
3978, 2, 1, 1
3978, 0, 0, 0
3979, 2, 0, -1
3979, 0, 0, 0
3980, 2, 0, -1
3980, 2, 1, 1
3980, 0, 0, 0
3981, 2, 0, -2
3981, 0, 0, 0
3982, 2, 0, -1
3982, 2, 1, 1
3982, 0, 0, 0
3983, 2, 0, -2
3983, 0, 0, 0
3984, 2, 0, -1
3984, 2, 1, 1
3984, 0, 0, 0
3985, 2, 0, -2
3985, 0, 0, 0
3986, 2, 0, -1
3986, 0, 0, 0
3987, 2, 0, -2
3987, 2, 1, 1
3987, 0, 0, 0
3988, 2, 0, -1
3988, 0, 0, 0
3989, 2, 0, -2
3989, 2, 1, 1
3989, 0, 0, 0
3990, 2, 0, -1
3990, 0, 0, 0
3991, 2, 0, -2
3991, 2, 1, 1
3991, 0, 0, 0
3992, 2, 0, -2
3992, 0, 0, 0
3993, 2, 0, -1
3993, 0, 0, 0
3994, 2, 0, -2
3994, 2, 1, 1
3994, 0, 0, 0
3995, 2, 0, -1
3995, 0, 0, 0
3996, 2, 0, -2
3996, 0, 0, 0
3997, 2, 0, -2
3997, 2, 1, 1
3997, 0, 0, 0
3998, 2, 0, -2
3998, 0, 0, 0
3999, 2, 1, 1
3999, 0, 0, 0
4000, 2, 0, -2
4000, 0, 0, 0
4001, 2, 0, -2
4001, 0, 0, 0
4002, 2, 0, -2
4002, 2, 1, 1
4002, 0, 0, 0
4003, 2, 0, -2
4003, 0, 0, 0
4004, 2, 0, -1
4004, 0, 0, 0
4005, 2, 0, -2
4005, 2, 1, 1
4005, 0, 0, 0
4006, 2, 0, -2
4006, 0, 0, 0
4007, 2, 0, -1
4007, 0, 0, 0
4008, 2, 0, -2
4008, 2, 1, 1
4008, 0, 0, 0
4009, 2, 0, -2
4009, 0, 0, 0
4010, 2, 0, -2
4010, 0, 0, 0
4011, 2, 0, -2
4011, 2, 1, 1
4011, 0, 0, 0
4012, 2, 0, -2
4012, 0, 0, 0
4013, 2, 0, -2
4013, 0, 0, 0
4014, 2, 0, -2
4014, 2, 1, 1
4014, 0, 0, 0
4015, 2, 0, -2
4015, 0, 0, 0
4016, 2, 0, -2
4016, 0, 0, 0
4017, 2, 0, -2
4017, 0, 0, 0
4018, 2, 0, -2
4018, 2, 1, 1
4018, 0, 0, 0
4019, 2, 0, -2
4019, 0, 0, 0
4020, 2, 0, -2
4020, 0, 0, 0
4021, 2, 0, -3
4021, 2, 1, 1
4021, 0, 0, 0
4022, 2, 0, -2
4022, 0, 0, 0
4023, 2, 0, -2
4023, 0, 0, 0
4024, 2, 0, -2
4024, 0, 0, 0
4025, 2, 0, -2
4025, 2, 1, 1
4025, 0, 0, 0
4026, 2, 0, -2
4026, 0, 0, 0
4027, 2, 0, -2
4027, 0, 0, 0
4028, 2, 0, -1
4028, 0, 0, 0
4029, 2, 0, -1
4029, 0, 0, 0
4030, 2, 0, -2
4030, 0, 0, 0
4031, 2, 0, -2
4031, 2, 1, 1
4031, 0, 0, 0
4032, 2, 0, -2
4032, 0, 0, 0
4033, 2, 0, -2
4033, 0, 0, 0
4034, 2, 0, -2
4034, 0, 0, 0
4035, 2, 0, -2
4035, 2, 1, 1
4035, 0, 0, 0
4036, 2, 0, -3
4036, 0, 0, 0
4037, 2, 0, -1
4037, 0, 0, 0
4038, 2, 0, -2
4038, 0, 0, 0
4039, 2, 0, -2
4039, 0, 0, 0
4040, 2, 0, -2
4040, 0, 0, 0
4041, 2, 0, -2
4041, 2, 1, 1
4041, 0, 0, 0
4042, 2, 0, -2
4042, 0, 0, 0
4043, 2, 0, -2
4043, 0, 0, 0
4044, 2, 0, -1
4044, 0, 0, 0
4045, 2, 0, -1
4045, 0, 0, 0
4046, 2, 0, -2
4046, 0, 0, 0
4047, 2, 0, -2
4047, 0, 0, 0
4048, 2, 0, -2
4048, 0, 0, 0
4049, 2, 0, -1
4049, 0, 0, 0
4050, 2, 0, -2
4050, 2, 1, 1
4050, 0, 0, 0
4051, 2, 0, -2
4051, 0, 0, 0
4052, 2, 0, -2
4052, 0, 0, 0
4053, 2, 0, -1
4053, 0, 0, 0
4054, 2, 0, -1
4054, 0, 0, 0
4055, 2, 0, -2
4055, 0, 0, 0
4056, 2, 0, -2
4056, 0, 0, 0
4057, 2, 0, -1
4057, 0, 0, 0
4058, 2, 0, -1
4058, 0, 0, 0
4059, 2, 0, -2
4059, 0, 0, 0
4060, 2, 0, -2
4060, 2, 1, 1
4060, 0, 0, 0
4061, 2, 0, -1
4061, 0, 0, 0
4062, 2, 0, -1
4062, 0, 0, 0
4063, 2, 0, -2
4063, 0, 0, 0
4064, 2, 0, -1
4064, 0, 0, 0
4065, 2, 0, -1
4065, 0, 0, 0
4066, 2, 0, -2
4066, 0, 0, 0
4067, 2, 0, -1
4067, 0, 0, 0
4068, 2, 0, -2
4068, 0, 0, 0
4069, 2, 0, -1
4069, 0, 0, 0
4070, 2, 0, -1
4070, 0, 0, 0
4071, 2, 0, -1
4071, 2, 1, 1
4071, 0, 0, 0
4072, 2, 0, -2
4072, 0, 0, 0
4073, 2, 0, -1
4073, 0, 0, 0
4074, 2, 0, -2
4074, 0, 0, 0
4075, 2, 0, -1
4075, 0, 0, 0
4076, 2, 0, -1
4076, 0, 0, 0
4077, 2, 0, -1
4077, 0, 0, 0
4078, 2, 0, -1
4078, 2, 1, 1
4078, 0, 0, 0
4079, 2, 0, -2
4079, 0, 0, 0
4080, 2, 0, -1
4080, 0, 0, 0
4081, 2, 0, -1
4081, 0, 0, 0
4082, 2, 0, -1
4082, 0, 0, 0
4083, 2, 0, -1
4083, 2, 1, 1
4083, 0, 0, 0
4084, 2, 0, -1
4084, 0, 0, 0
4085, 2, 0, -1
4085, 0, 0, 0
4086, 2, 0, -1
4086, 0, 0, 0
4087, 2, 0, -2
4087, 0, 0, 0
4088, 2, 0, -1
4088, 0, 0, 0
4089, 2, 0, -1
4089, 0, 0, 0
4090, 2, 0, -1
4090, 2, 1, 1
4090, 0, 0, 0
4091, 2, 0, -1
4091, 0, 0, 0
4092, 2, 0, -1
4092, 0, 0, 0
4093, 2, 0, -1
4093, 0, 0, 0
4094, 2, 0, -1
4094, 2, 1, 1
4094, 0, 0, 0
4095, 2, 0, -1
4095, 0, 0, 0
4096, 2, 0, -2
4096, 0, 0, 0
4098, 2, 0, -2
4098, 0, 0, 0
4099, 2, 0, -2
4099, 0, 0, 0
4100, 2, 1, 1
4100, 0, 0, 0
4101, 2, 0, -2
4101, 0, 0, 0
4103, 2, 0, -2
4103, 0, 0, 0
4104, 2, 0, -1
4104, 2, 1, 1
4104, 0, 0, 0
4105, 2, 0, -1
4105, 0, 0, 0
4106, 2, 0, -1
4106, 0, 0, 0
4107, 2, 0, -1
4107, 0, 0, 0
4108, 2, 0, -1
4108, 0, 0, 0
4109, 2, 0, -1
4109, 2, 1, 1
4109, 0, 0, 0
4110, 2, 0, -1
4110, 0, 0, 0
4111, 2, 0, -1
4111, 0, 0, 0
4112, 2, 0, -1
4112, 2, 1, 1
4112, 0, 0, 0
4113, 2, 0, -1
4113, 0, 0, 0
4115, 2, 0, -2
4115, 0, 0, 0
4117, 2, 0, -2
4117, 0, 0, 0
4118, 2, 1, 1
4118, 0, 0, 0
4119, 2, 0, -1
4119, 0, 0, 0
4120, 2, 0, -1
4120, 0, 0, 0
4121, 2, 0, -1
4121, 0, 0, 0
4122, 2, 0, -1
4122, 2, 1, 1
4122, 0, 0, 0
4123, 2, 0, -1
4123, 0, 0, 0
4125, 2, 0, -1
4125, 0, 0, 0
4126, 2, 0, -1
4126, 0, 0, 0
4127, 2, 1, 1
4127, 0, 0, 0
4128, 2, 0, -1
4128, 0, 0, 0
4129, 2, 0, -1
4129, 0, 0, 0
4131, 2, 0, -1
4131, 2, 1, 1
4131, 0, 0, 0
4132, 2, 0, -1
4132, 0, 0, 0
4135, 2, 0, -1
4135, 0, 0, 0
4136, 2, 0, -1
4136, 0, 0, 0
4138, 2, 0, -1
4138, 2, 1, 1
4138, 0, 0, 0
4141, 2, 0, -1
4141, 0, 0, 0
4144, 2, 0, -1
4144, 2, 1, 1
4144, 0, 0, 0
4148, 2, 0, -1
4148, 0, 0, 0
4152, 2, 0, -1
4152, 0, 0, 0
4163, 2, 0, -1
4163, 0, 0, 0
4251, 4, 4, 589825
4251, 1, 272, 1
4251, 0, 0, 0
4313, 4, 4, 589825
4313, 1, 272, 0
4313, 0, 0, 0
29519, 2, 0, 1
29519, 0, 0, 0
29522, 2, 0, 1
29522, 0, 0, 0
29525, 2, 0, 1
29525, 0, 0, 0
29527, 2, 0, 1
29527, 2, 1, -1
29527, 0, 0, 0
29528, 2, 0, 1
29528, 0, 0, 0
29529, 2, 0, 1
29529, 0, 0, 0
29531, 2, 0, 1
29531, 0, 0, 0
29532, 2, 0, 1
29532, 2, 1, -1
29532, 0, 0, 0
29533, 2, 0, 1
29533, 0, 0, 0
29534, 2, 0, 1
29534, 0, 0, 0
29535, 2, 0, 1
29535, 2, 1, -1
29535, 0, 0, 0
29536, 2, 0, 1
29536, 0, 0, 0
29537, 2, 0, 1
29537, 0, 0, 0
29538, 2, 0, 1
29538, 2, 1, -1
29538, 0, 0, 0
29539, 2, 0, 1
29539, 0, 0, 0
29540, 2, 0, 1
29540, 2, 1, -1
29540, 0, 0, 0
29541, 2, 0, 1
29541, 0, 0, 0
29542, 2, 0, 1
29542, 0, 0, 0
29543, 2, 0, 1
29543, 2, 1, -1
29543, 0, 0, 0
29544, 2, 0, 1
29544, 0, 0, 0
29545, 2, 0, 1
29545, 2, 1, -1
29545, 0, 0, 0
29546, 2, 0, 1
29546, 0, 0, 0
29547, 2, 0, 1
29547, 2, 1, -1
29547, 0, 0, 0
29548, 2, 0, 1
29548, 0, 0, 0
29549, 2, 0, 1
29549, 0, 0, 0
29550, 2, 0, 1
29550, 2, 1, -1
29550, 0, 0, 0
29551, 2, 0, 1
29551, 0, 0, 0
29552, 2, 0, 1
29552, 2, 1, -1
29552, 0, 0, 0
29553, 2, 0, 1
29553, 0, 0, 0
29554, 2, 0, 1
29554, 2, 1, -1
29554, 0, 0, 0
29555, 2, 0, 2
29555, 0, 0, 0
29556, 2, 0, 1
29556, 2, 1, -1
29556, 0, 0, 0
29557, 2, 0, 1
29557, 0, 0, 0
29558, 2, 0, 1
29558, 2, 1, -1
29558, 0, 0, 0
29560, 2, 0, 2
29560, 0, 0, 0
29561, 2, 1, -1
29561, 0, 0, 0
29562, 2, 0, 1
29562, 0, 0, 0
29563, 2, 0, 1
29563, 0, 0, 0
29564, 2, 0, 1
29564, 2, 1, -1
29564, 0, 0, 0
29565, 2, 0, 1
29565, 0, 0, 0
29566, 2, 0, 1
29566, 2, 1, -1
29566, 0, 0, 0
29568, 2, 0, 1
29568, 0, 0, 0
29569, 2, 0, 1
29569, 0, 0, 0
29570, 2, 0, 1
29570, 2, 1, -1
29570, 0, 0, 0
29571, 2, 0, 1
29571, 0, 0, 0
29572, 2, 0, 1
29572, 0, 0, 0
29573, 2, 0, 1
29573, 2, 1, -1
29573, 0, 0, 0
29574, 2, 0, 1
29574, 0, 0, 0
29575, 2, 0, 1
29575, 0, 0, 0
29576, 2, 0, 2
29576, 2, 1, -1
29576, 0, 0, 0
29577, 2, 1, -1
29577, 0, 0, 0
29578, 2, 0, 2
29578, 0, 0, 0
29580, 2, 0, 2
29580, 2, 1, -1
29580, 0, 0, 0
29581, 2, 0, 1
29581, 2, 1, -1
29581, 0, 0, 0
29582, 2, 0, 2
29582, 0, 0, 0
29583, 2, 0, 1
29583, 2, 1, -1
29583, 0, 0, 0
29584, 2, 0, 2
29584, 0, 0, 0
29585, 2, 0, 1
29585, 2, 1, -1
29585, 0, 0, 0
29586, 2, 0, 1
29586, 2, 1, -1
29586, 0, 0, 0
29587, 2, 0, 1
29587, 0, 0, 0
29588, 2, 0, 2
29588, 0, 0, 0
29589, 2, 0, 1
29589, 2, 1, -1
29589, 0, 0, 0
29590, 2, 0, 1
29590, 2, 1, -1
29590, 0, 0, 0
29591, 2, 0, 2
29591, 2, 1, -1
29591, 0, 0, 0
29593, 2, 0, 2
29593, 2, 1, -1
29593, 0, 0, 0
29594, 2, 0, 1
29594, 0, 0, 0
29595, 2, 0, 2
29595, 2, 1, -1
29595, 0, 0, 0
29596, 2, 0, 1
29596, 2, 1, -1
29596, 0, 0, 0
29597, 2, 0, 2
29597, 2, 1, -1
29597, 0, 0, 0
29598, 2, 0, 1
29598, 2, 1, -1
29598, 0, 0, 0
29599, 2, 0, 2
29599, 2, 1, -1
29599, 0, 0, 0
29600, 2, 0, 2
29600, 2, 1, -1
29600, 0, 0, 0
29601, 2, 0, 2
29601, 2, 1, -1
29601, 0, 0, 0
29602, 2, 0, 1
29602, 2, 1, -1
29602, 0, 0, 0
29603, 2, 0, 2
29603, 2, 1, -1
29603, 0, 0, 0
29604, 2, 0, 2
29604, 2, 1, -1
29604, 0, 0, 0
29605, 2, 0, 2
29605, 0, 0, 0
29606, 2, 0, 1
29606, 2, 1, -1
29606, 0, 0, 0
29607, 2, 0, 2
29607, 2, 1, -1
29607, 0, 0, 0
29608, 2, 0, 2
29608, 2, 1, -1
29608, 0, 0, 0
29609, 2, 0, 1
29609, 2, 1, -1
29609, 0, 0, 0
29610, 2, 0, 2
29610, 2, 1, -1
29610, 0, 0, 0
29611, 2, 0, 2
29611, 2, 1, -1
29611, 0, 0, 0
29612, 2, 0, 1
29612, 2, 1, -1
29612, 0, 0, 0
29613, 2, 0, 2
29613, 0, 0, 0
29614, 2, 0, 2
29614, 2, 1, -2
29614, 0, 0, 0
29615, 2, 0, 2
29615, 0, 0, 0
29616, 2, 0, 2
29616, 2, 1, -1
29616, 0, 0, 0
29617, 2, 0, 2
29617, 2, 1, -1
29617, 0, 0, 0
29618, 2, 0, 2
29618, 2, 1, -1
29618, 0, 0, 0
29619, 2, 0, 1
29619, 2, 1, -1
29619, 0, 0, 0
29620, 2, 0, 2
29620, 2, 1, -1
29620, 0, 0, 0
29621, 2, 0, 2
29621, 2, 1, -1
29621, 0, 0, 0
29622, 2, 0, 3
29622, 2, 1, -1
29622, 0, 0, 0
29623, 2, 0, 1
29623, 0, 0, 0
29624, 2, 0, 2
29624, 2, 1, -1
29624, 0, 0, 0
29625, 2, 0, 2
29625, 2, 1, -1
29625, 0, 0, 0
29626, 2, 0, 2
29626, 2, 1, -1
29626, 0, 0, 0
29627, 2, 0, 2
29627, 2, 1, -1
29627, 0, 0, 0
29628, 2, 0, 2
29628, 2, 1, -1
29628, 0, 0, 0
29629, 2, 0, 2
29629, 0, 0, 0
29630, 2, 0, 2
29630, 2, 1, -1
29630, 0, 0, 0
29631, 2, 0, 2
29631, 2, 1, -1
29631, 0, 0, 0
29632, 2, 0, 2
29632, 2, 1, -1
29632, 0, 0, 0
29633, 2, 0, 2
29633, 0, 0, 0
29634, 2, 0, 2
29634, 2, 1, -1
29634, 0, 0, 0
29635, 2, 0, 2
29635, 2, 1, -1
29635, 0, 0, 0
29636, 2, 0, 2
29636, 0, 0, 0
29637, 2, 0, 2
29637, 2, 1, -1
29637, 0, 0, 0
29638, 2, 0, 2
29638, 2, 1, -1
29638, 0, 0, 0
29639, 2, 0, 2
29639, 2, 1, -1
29639, 0, 0, 0
29640, 2, 0, 2
29640, 0, 0, 0
29641, 2, 0, 2
29641, 2, 1, -1
29641, 0, 0, 0
29642, 2, 0, 2
29642, 2, 1, -1
29642, 0, 0, 0
29643, 2, 0, 1
29643, 0, 0, 0
29644, 2, 0, 3
29644, 2, 1, -1
29644, 0, 0, 0
29645, 2, 0, 2
29645, 2, 1, -1
29645, 0, 0, 0
29646, 2, 0, 2
29646, 0, 0, 0
29647, 2, 0, 1
29647, 2, 1, -1
29647, 0, 0, 0
29648, 2, 0, 2
29648, 2, 1, -1
29648, 0, 0, 0
29649, 2, 0, 2
29649, 0, 0, 0
29650, 2, 0, 1
29650, 2, 1, -1
29650, 0, 0, 0
29651, 2, 0, 2
29651, 0, 0, 0
29652, 2, 0, 2
29652, 2, 1, -1
29652, 0, 0, 0
29654, 2, 0, 2
29654, 0, 0, 0
29655, 2, 0, 1
29655, 2, 1, -1
29655, 0, 0, 0
29656, 2, 0, 2
29656, 0, 0, 0
29657, 2, 0, 1
29657, 2, 1, -1
29657, 0, 0, 0
29658, 2, 0, 2
29658, 2, 1, -1
29658, 0, 0, 0
29659, 2, 0, 2
29659, 0, 0, 0
29660, 2, 0, 1
29660, 2, 1, -1
29660, 0, 0, 0
29661, 2, 0, 2
29661, 0, 0, 0
29662, 2, 0, 1
29662, 2, 1, -1
29662, 0, 0, 0
29663, 2, 0, 2
29663, 0, 0, 0
29664, 2, 0, 1
29664, 2, 1, -1
29664, 0, 0, 0
29665, 2, 0, 2
29665, 0, 0, 0
29666, 2, 0, 1
29666, 2, 1, -1
29666, 0, 0, 0
29667, 2, 0, 1
29667, 0, 0, 0
29668, 2, 0, 2
29668, 2, 1, -1
29668, 0, 0, 0
29669, 2, 0, 1
29669, 0, 0, 0
29670, 2, 0, 1
29670, 2, 1, -1
29670, 0, 0, 0
29671, 2, 0, 1
29671, 0, 0, 0
29672, 2, 0, 2
29672, 2, 1, -1
29672, 0, 0, 0
29673, 2, 0, 1
29673, 0, 0, 0
29674, 2, 0, 1
29674, 0, 0, 0
29675, 2, 0, 1
29675, 2, 1, -1
29675, 0, 0, 0
29676, 2, 0, 1
29676, 0, 0, 0
29677, 2, 0, 2
29677, 2, 1, -1
29677, 0, 0, 0
29678, 2, 0, 1
29678, 2, 1, -1
29678, 0, 0, 0
29679, 2, 0, 1
29679, 0, 0, 0
29680, 2, 0, 1
29680, 2, 1, -1
29680, 0, 0, 0
29681, 2, 0, 2
29681, 0, 0, 0
29682, 2, 1, -1
29682, 0, 0, 0
29683, 2, 0, 1
29683, 0, 0, 0
29684, 2, 0, 1
29684, 2, 1, -1
29684, 0, 0, 0
29685, 2, 0, 1
29685, 0, 0, 0
29686, 2, 0, 1
29686, 0, 0, 0
29687, 2, 0, 1
29687, 2, 1, -1
29687, 0, 0, 0
29688, 2, 0, 1
29688, 0, 0, 0
29689, 2, 0, 1
29689, 0, 0, 0
29690, 2, 1, -1
29690, 0, 0, 0
29691, 2, 0, 1
29691, 0, 0, 0
29692, 2, 0, 1
29692, 0, 0, 0
29693, 2, 0, 1
29693, 2, 1, -1
29693, 0, 0, 0
29694, 2, 0, 1
29694, 0, 0, 0
29695, 2, 1, -1
29695, 0, 0, 0
29696, 2, 0, 1
29696, 0, 0, 0
29697, 2, 0, 1
29697, 2, 1, -1
29697, 0, 0, 0
29698, 2, 0, 1
29698, 0, 0, 0
29699, 2, 0, 1
29699, 0, 0, 0
29700, 2, 0, 1
29700, 2, 1, -1
29700, 0, 0, 0
29702, 2, 0, 1
29702, 2, 1, -1
29702, 0, 0, 0
29703, 2, 0, 1
29703, 0, 0, 0
29705, 2, 0, 1
29705, 0, 0, 0
29706, 2, 0, 1
29706, 2, 1, -1
29706, 0, 0, 0
29707, 2, 0, 1
29707, 0, 0, 0
29708, 2, 0, 1
29708, 2, 1, -1
29708, 0, 0, 0
29710, 2, 0, 1
29710, 0, 0, 0
29711, 2, 0, 1
29711, 2, 1, -1
29711, 0, 0, 0
29712, 2, 0, 1
29712, 0, 0, 0
29713, 2, 0, 1
29713, 2, 1, -1
29713, 0, 0, 0
29714, 2, 0, 2
29714, 0, 0, 0
29715, 2, 1, -1
29715, 0, 0, 0
29716, 2, 0, 1
29716, 0, 0, 0
29717, 2, 0, 1
29717, 0, 0, 0
29718, 2, 0, 1
29718, 2, 1, -1
29718, 0, 0, 0
29719, 2, 0, 1
29719, 0, 0, 0
29720, 2, 0, 1
29720, 2, 1, -1
29720, 0, 0, 0
29721, 2, 0, 1
29721, 0, 0, 0
29722, 2, 0, 1
29722, 0, 0, 0
29723, 2, 0, 1
29723, 2, 1, -1
29723, 0, 0, 0
29724, 2, 0, 1
29724, 0, 0, 0
29725, 2, 0, 1
29725, 0, 0, 0
29726, 2, 0, 1
29726, 2, 1, -1
29726, 0, 0, 0
29727, 2, 0, 1
29727, 0, 0, 0
29728, 2, 0, 1
29728, 0, 0, 0
29729, 2, 0, 1
29729, 0, 0, 0
29730, 2, 0, 1
29730, 2, 1, -1
29730, 0, 0, 0
29731, 2, 0, 1
29731, 0, 0, 0
29732, 2, 0, 1
29732, 2, 1, -1
29732, 0, 0, 0
29733, 2, 0, 1
29733, 0, 0, 0
29734, 2, 0, 1
29734, 0, 0, 0
29735, 2, 0, 2
29735, 2, 1, -1
29735, 0, 0, 0
29737, 2, 0, 2
29737, 0, 0, 0
29738, 2, 0, 1
29738, 0, 0, 0
29739, 2, 0, 1
29739, 2, 1, -1
29739, 0, 0, 0
29740, 2, 0, 1
29740, 0, 0, 0
29741, 2, 0, 1
29741, 0, 0, 0
29742, 2, 0, 1
29742, 0, 0, 0
29743, 2, 0, 2
29743, 2, 1, -1
29743, 0, 0, 0
29744, 2, 0, 1
29744, 0, 0, 0
29745, 2, 0, 1
29745, 0, 0, 0
29746, 2, 0, 1
29746, 2, 1, -1
29746, 0, 0, 0
29747, 2, 0, 1
29747, 0, 0, 0
29748, 2, 0, 2
29748, 0, 0, 0
29749, 2, 0, 1
29749, 0, 0, 0
29750, 2, 0, 1
29750, 2, 1, -1
29750, 0, 0, 0
29751, 2, 0, 2
29751, 0, 0, 0
29752, 2, 0, 1
29752, 0, 0, 0
29753, 2, 0, 1
29753, 2, 1, -1
29753, 0, 0, 0
29754, 2, 0, 2
29754, 0, 0, 0
29755, 2, 0, 1
29755, 0, 0, 0
29756, 2, 0, 1
29756, 0, 0, 0
29757, 2, 0, 2
29757, 0, 0, 0
29758, 2, 0, 2
29758, 2, 1, -1
29758, 0, 0, 0
29759, 2, 0, 1
29759, 0, 0, 0
29760, 2, 0, 1
29760, 0, 0, 0
29761, 2, 0, 2
29761, 2, 1, -1
29761, 0, 0, 0
29762, 2, 0, 1
29762, 0, 0, 0
29763, 2, 0, 1
29763, 0, 0, 0
29764, 2, 0, 2
29764, 0, 0, 0
29765, 2, 0, 1
29765, 2, 1, -1
29765, 0, 0, 0
29766, 2, 0, 2
29766, 0, 0, 0
29767, 2, 0, 1
29767, 0, 0, 0
29768, 2, 0, 2
29768, 0, 0, 0
29770, 2, 0, 2
29770, 0, 0, 0
29771, 2, 0, 1
29771, 2, 1, -1
29771, 0, 0, 0
29772, 2, 0, 1
29772, 0, 0, 0
29773, 2, 0, 2
29773, 0, 0, 0
29774, 2, 0, 1
29774, 2, 1, -1
29774, 0, 0, 0
29775, 2, 0, 2
29775, 0, 0, 0
29776, 2, 0, 1
29776, 0, 0, 0
29777, 2, 0, 2
29777, 0, 0, 0
29778, 2, 0, 1
29778, 0, 0, 0
29779, 2, 0, 2
29779, 2, 1, -1
29779, 0, 0, 0
29780, 2, 0, 1
29780, 0, 0, 0
29781, 2, 0, 2
29781, 0, 0, 0
29782, 2, 0, 1
29782, 2, 1, -1
29782, 0, 0, 0
29783, 2, 0, 2
29783, 0, 0, 0
29784, 2, 0, 1
29784, 0, 0, 0
29785, 2, 0, 2
29785, 2, 1, -1
29785, 0, 0, 0
29786, 2, 0, 2
29786, 0, 0, 0
29787, 2, 0, 3
29787, 2, 1, -1
29787, 0, 0, 0
29788, 2, 0, 1
29788, 0, 0, 0
29789, 2, 0, 2
29789, 0, 0, 0
29790, 2, 0, 2
29790, 2, 1, -1
29790, 0, 0, 0
29791, 2, 0, 2
29791, 0, 0, 0
29792, 2, 0, 1
29792, 0, 0, 0
29793, 2, 0, 2
29793, 2, 1, -1
29793, 0, 0, 0
29794, 2, 0, 2
29794, 0, 0, 0
29795, 2, 0, 1
29795, 2, 1, -1
29795, 0, 0, 0
29796, 2, 0, 1
29796, 0, 0, 0
29797, 2, 0, 1
29797, 0, 0, 0
29798, 2, 0, 2
29798, 0, 0, 0
29799, 2, 0, 2
29799, 0, 0, 0
29800, 2, 0, 1
29800, 2, 1, -1
29800, 0, 0, 0
29801, 2, 0, 2
29801, 0, 0, 0
29802, 2, 0, 2
29802, 2, 1, -1
29802, 0, 0, 0
29803, 2, 0, 2
29803, 0, 0, 0
29804, 2, 0, 2
29804, 0, 0, 0
29805, 2, 0, 2
29805, 2, 1, -1
29805, 0, 0, 0
29806, 2, 0, 2
29806, 0, 0, 0
29807, 2, 0, 2
29807, 2, 1, -1
29807, 0, 0, 0
29808, 2, 0, 2
29808, 0, 0, 0
29809, 2, 0, 1
29809, 0, 0, 0
29810, 2, 0, 2
29810, 2, 1, -1
29810, 0, 0, 0
29811, 2, 0, 2
29811, 0, 0, 0
29812, 2, 0, 1
29812, 0, 0, 0
29813, 2, 0, 2
29813, 2, 1, -1
29813, 0, 0, 0
29814, 2, 0, 2
29814, 0, 0, 0
29815, 2, 0, 2
29815, 0, 0, 0
29816, 2, 0, 2
29816, 2, 1, -1
29816, 0, 0, 0
29817, 2, 0, 2
29817, 0, 0, 0
29818, 2, 0, 2
29818, 0, 0, 0
29819, 2, 0, 2
29819, 2, 1, -1
29819, 0, 0, 0
29820, 2, 0, 2
29820, 0, 0, 0
29821, 2, 0, 2
29821, 2, 1, -1
29821, 0, 0, 0
29822, 2, 0, 2
29822, 0, 0, 0
29823, 2, 0, 2
29823, 0, 0, 0
29824, 2, 0, 1
29824, 2, 1, -1
29824, 0, 0, 0
29825, 2, 0, 2
29825, 0, 0, 0
29826, 2, 0, 2
29826, 0, 0, 0
29827, 2, 0, 1
29827, 2, 1, -1
29827, 0, 0, 0
29828, 2, 0, 2
29828, 0, 0, 0
29829, 2, 0, 2
29829, 0, 0, 0
29830, 2, 0, 2
29830, 2, 1, -1
29830, 0, 0, 0
29831, 2, 0, 2
29831, 0, 0, 0
29832, 2, 0, 2
29832, 0, 0, 0
29833, 2, 0, 1
29833, 2, 1, -1
29833, 0, 0, 0
29834, 2, 0, 2
29834, 0, 0, 0
29835, 2, 0, 1
29835, 2, 1, -1
29835, 0, 0, 0
29836, 2, 0, 2
29836, 0, 0, 0
29837, 2, 0, 2
29837, 0, 0, 0
29838, 2, 0, 1
29838, 2, 1, -1
29838, 0, 0, 0
29839, 2, 0, 2
29839, 0, 0, 0
29840, 2, 0, 2
29840, 0, 0, 0
29841, 2, 0, 2
29841, 2, 1, -1
29841, 0, 0, 0
29842, 2, 0, 3
29842, 2, 1, -1
29842, 0, 0, 0
29843, 2, 0, 1
29843, 0, 0, 0
29844, 2, 0, 2
29844, 2, 1, -1
29844, 0, 0, 0
29845, 2, 0, 2
29845, 0, 0, 0
29846, 2, 0, 2
29846, 0, 0, 0
29847, 2, 0, 1
29847, 2, 1, -1
29847, 0, 0, 0
29848, 2, 0, 2
29848, 0, 0, 0
29849, 2, 0, 1
29849, 2, 1, -1
29849, 0, 0, 0
29850, 2, 0, 2
29850, 0, 0, 0
29851, 2, 0, 1
29851, 0, 0, 0
29852, 2, 0, 2
29852, 2, 1, -1
29852, 0, 0, 0
29853, 2, 0, 2
29853, 0, 0, 0
29854, 2, 0, 1
29854, 2, 1, -1
29854, 0, 0, 0
29855, 2, 0, 1
29855, 0, 0, 0
29856, 2, 0, 2
29856, 0, 0, 0
29857, 2, 0, 1
29857, 2, 1, -1
29857, 0, 0, 0
29858, 2, 0, 1
29858, 0, 0, 0
29859, 2, 0, 2
29859, 2, 1, -1
29859, 0, 0, 0
29860, 2, 0, 1
29860, 0, 0, 0
29861, 2, 0, 1
29861, 0, 0, 0
29862, 2, 0, 2
29862, 2, 1, -1
29862, 0, 0, 0
29863, 2, 0, 1
29863, 0, 0, 0
29864, 2, 0, 1
29864, 0, 0, 0
29865, 2, 0, 2
29865, 2, 1, -1
29865, 0, 0, 0
29866, 2, 0, 1
29866, 0, 0, 0
29867, 2, 0, 1
29867, 0, 0, 0
29868, 2, 0, 1
29868, 2, 1, -1
29868, 0, 0, 0
29869, 2, 0, 1
29869, 0, 0, 0
29870, 2, 0, 1
29870, 0, 0, 0
29871, 2, 0, 1
29871, 2, 1, -1
29871, 0, 0, 0
29872, 2, 0, 1
29872, 0, 0, 0
29873, 2, 0, 1
29873, 0, 0, 0
29874, 2, 0, 1
29874, 0, 0, 0
29875, 2, 0, 1
29875, 0, 0, 0
29876, 2, 1, -1
29876, 0, 0, 0
29877, 2, 0, 1
29877, 0, 0, 0
29878, 2, 0, 1
29878, 0, 0, 0
29879, 2, 0, 1
29879, 2, 1, -1
29879, 0, 0, 0
29880, 2, 0, 1
29880, 0, 0, 0
29882, 2, 0, 1
29882, 0, 0, 0
29883, 2, 0, 1
29883, 0, 0, 0
29885, 2, 0, 1
29885, 2, 1, -1
29885, 0, 0, 0
29887, 2, 0, 1
29887, 0, 0, 0
29890, 2, 0, 1
29890, 2, 1, -1
29890, 0, 0, 0
29896, 2, 0, 1
29896, 0, 0, 0
29900, 2, 0, 1
29900, 2, 1, -1
29900, 0, 0, 0
29985, 2, 0, 1
29985, 0, 0, 0
29990, 2, 0, 1
29990, 0, 0, 0
29994, 2, 0, 1
29994, 0, 0, 0
29997, 2, 0, 1
29997, 2, 1, -1
29997, 0, 0, 0
30000, 2, 0, 1
30000, 0, 0, 0
30002, 2, 0, 1
30002, 0, 0, 0
30003, 2, 1, -1
30003, 0, 0, 0
30005, 2, 0, 1
30005, 0, 0, 0
30007, 2, 0, 1
30007, 0, 0, 0
30008, 2, 1, -1
30008, 0, 0, 0
30010, 2, 0, 1
30010, 0, 0, 0
30012, 2, 0, 1
30012, 0, 0, 0
30013, 2, 1, -1
30013, 0, 0, 0
30015, 2, 0, 1
30015, 0, 0, 0
30018, 2, 0, 1
30018, 0, 0, 0
30019, 2, 1, -1
30019, 0, 0, 0
30021, 2, 0, 1
30021, 0, 0, 0
30024, 2, 1, -1
30024, 0, 0, 0
30025, 2, 0, 1
30025, 0, 0, 0
30028, 2, 0, 1
30028, 2, 1, -1
30028, 0, 0, 0
30033, 2, 0, 1
30033, 0, 0, 0
30037, 2, 1, -1
30037, 0, 0, 0
30038, 2, 0, 1
30038, 0, 0, 0
30042, 2, 1, -1
30042, 0, 0, 0
30045, 2, 0, 1
30045, 0, 0, 0
30048, 2, 1, -1
30048, 0, 0, 0
30050, 2, 0, 1
30050, 0, 0, 0
30052, 2, 1, -1
30052, 0, 0, 0
30056, 2, 0, 1
30056, 0, 0, 0
30058, 2, 1, -1
30058, 0, 0, 0
30060, 2, 0, 1
30060, 0, 0, 0
30061, 2, 1, -1
30061, 0, 0, 0
30065, 2, 0, 1
30065, 0, 0, 0
30066, 2, 1, -1
30066, 0, 0, 0
30068, 2, 0, 1
30068, 0, 0, 0
30069, 2, 1, -1
30069, 0, 0, 0
30073, 2, 0, 1
30073, 0, 0, 0
30074, 2, 1, -1
30074, 0, 0, 0
30077, 2, 0, 1
30077, 0, 0, 0
30078, 2, 1, -1
30078, 0, 0, 0
30083, 2, 1, -1
30083, 0, 0, 0
30085, 2, 0, 1
30085, 0, 0, 0
30092, 2, 1, -1
30092, 0, 0, 0
30100, 2, 0, 1
30100, 0, 0, 0
30103, 2, 1, -1
30103, 0, 0, 0
30287, 2, 0, -1
30287, 0, 0, 0
30294, 2, 0, -1
30294, 0, 0, 0
30302, 2, 0, -1
30302, 0, 0, 0
30307, 2, 0, -1
30307, 0, 0, 0
30313, 2, 0, -1
30313, 0, 0, 0
30318, 2, 0, -1
30318, 0, 0, 0
30322, 2, 0, -1
30322, 0, 0, 0
30326, 2, 0, -1
30326, 0, 0, 0
30327, 2, 1, 1
30327, 0, 0, 0
30329, 2, 0, -1
30329, 0, 0, 0
30332, 2, 0, -1
30332, 0, 0, 0
30335, 2, 0, -1
30335, 0, 0, 0
30338, 2, 0, -1
30338, 2, 1, 1
30338, 0, 0, 0
30340, 2, 0, -1
30340, 0, 0, 0
30343, 2, 0, -1
30343, 0, 0, 0
30345, 2, 0, -1
30345, 0, 0, 0
30347, 2, 0, -1
30347, 0, 0, 0
30349, 2, 1, 1
30349, 0, 0, 0
30350, 2, 0, -1
30350, 0, 0, 0
30352, 2, 0, -1
30352, 0, 0, 0
30355, 2, 0, -1
30355, 0, 0, 0
30358, 2, 0, -1
30358, 0, 0, 0
30360, 2, 0, -1
30360, 2, 1, 1
30360, 0, 0, 0
30363, 2, 0, -1
30363, 0, 0, 0
30366, 2, 0, -1
30366, 0, 0, 0
30368, 2, 1, 1
30368, 0, 0, 0
30369, 2, 0, -1
30369, 0, 0, 0
30372, 2, 0, -1
30372, 0, 0, 0
30375, 2, 0, -1
30375, 0, 0, 0
30378, 2, 0, -1
30378, 0, 0, 0
30379, 2, 1, 1
30379, 0, 0, 0
30382, 2, 0, -1
30382, 0, 0, 0
30385, 2, 0, -1
30385, 0, 0, 0
30387, 2, 1, 1
30387, 0, 0, 0
30389, 2, 0, -1
30389, 0, 0, 0
30393, 2, 0, -1
30393, 0, 0, 0
30398, 2, 0, -1
30398, 0, 0, 0
30403, 2, 1, 1
30403, 0, 0, 0
30405, 2, 0, -1
30405, 0, 0, 0
30410, 2, 0, -1
30410, 0, 0, 0
30413, 2, 1, 1
30413, 0, 0, 0
30415, 2, 0, -1
30415, 0, 0, 0
30420, 2, 0, -1
30420, 0, 0, 0
30424, 2, 0, -1
30424, 0, 0, 0
30427, 2, 1, 1
30427, 0, 0, 0
30429, 2, 0, -1
30429, 0, 0, 0
30433, 2, 0, -1
30433, 0, 0, 0
30435, 2, 1, 1
30435, 0, 0, 0
30439, 2, 0, -1
30439, 0, 0, 0
30442, 2, 0, -1
30442, 0, 0, 0
30447, 2, 0, -1
30447, 2, 1, 1
30447, 0, 0, 0
30451, 2, 0, -1
30451, 0, 0, 0
30455, 2, 0, -1
30455, 0, 0, 0
30456, 2, 1, 1
30456, 0, 0, 0
30459, 2, 0, -1
30459, 0, 0, 0
30463, 2, 0, -1
30463, 2, 1, 1
30463, 0, 0, 0
30466, 2, 0, -1
30466, 0, 0, 0
30470, 2, 0, -1
30470, 0, 0, 0
30472, 2, 1, 1
30472, 0, 0, 0
30473, 2, 0, -1
30473, 0, 0, 0
30477, 2, 0, -1
30477, 0, 0, 0
30478, 2, 1, 1
30478, 0, 0, 0
30479, 2, 0, -1
30479, 0, 0, 0
30482, 2, 0, -1
30482, 0, 0, 0
30485, 2, 0, -1
30485, 0, 0, 0
30487, 2, 1, 1
30487, 0, 0, 0
30488, 2, 0, -1
30488, 0, 0, 0
30491, 2, 0, -1
30491, 0, 0, 0
30492, 2, 1, 1
30492, 0, 0, 0
30494, 2, 0, -1
30494, 0, 0, 0
30496, 2, 0, -1
30496, 0, 0, 0
30499, 2, 0, -1
30499, 0, 0, 0
30502, 2, 1, 1
30502, 0, 0, 0
30503, 2, 0, -1
30503, 0, 0, 0
30506, 2, 0, -1
30506, 0, 0, 0
30508, 2, 1, 1
30508, 0, 0, 0
30512, 2, 0, -1
30512, 0, 0, 0
30522, 2, 0, -1
30522, 0, 0, 0
30591, 4, 4, 589825
30591, 1, 272, 1
30591, 0, 0, 0
30701, 4, 4, 589825
30701, 1, 272, 0
30701, 0, 0, 0
61588, 2, 0, -1
61588, 0, 0, 0
61591, 2, 0, -1
61591, 0, 0, 0
61593, 2, 0, -1
61593, 0, 0, 0
61595, 2, 0, -1
61595, 2, 1, 1
61595, 0, 0, 0
61596, 2, 0, -1
61596, 0, 0, 0
61598, 2, 0, -1
61598, 0, 0, 0
61599, 2, 0, -1
61599, 0, 0, 0
61601, 2, 0, -1
61601, 2, 1, 1
61601, 0, 0, 0
61602, 2, 0, -1
61602, 0, 0, 0
61603, 2, 0, -1
61603, 0, 0, 0
61605, 2, 0, -1
61605, 0, 0, 0
61606, 2, 0, -1
61606, 0, 0, 0
61607, 2, 0, -1
61607, 0, 0, 0
61608, 2, 0, -1
61608, 0, 0, 0
61609, 2, 0, -1
61609, 0, 0, 0
61610, 2, 0, -1
61610, 0, 0, 0
61611, 2, 0, -1
61611, 0, 0, 0
61612, 2, 0, -1
61612, 0, 0, 0
61613, 2, 0, -1
61613, 0, 0, 0
61614, 2, 0, -1
61614, 0, 0, 0
61615, 2, 0, -1
61615, 0, 0, 0
61616, 2, 0, -1
61616, 0, 0, 0
61617, 2, 0, -2
61617, 0, 0, 0
61618, 2, 0, -1
61618, 0, 0, 0
61619, 2, 0, -1
61619, 0, 0, 0
61620, 2, 0, -1
61620, 0, 0, 0
61621, 2, 0, -1
61621, 0, 0, 0
61622, 2, 0, -2
61622, 0, 0, 0
61623, 2, 0, -1
61623, 0, 0, 0
61624, 2, 0, -2
61624, 0, 0, 0
61625, 2, 0, -1
61625, 0, 0, 0
61626, 2, 0, -1
61626, 0, 0, 0
61627, 2, 0, -2
61627, 0, 0, 0
61628, 2, 0, -1
61628, 0, 0, 0
61629, 2, 0, -2
61629, 0, 0, 0
61630, 2, 0, -1
61630, 0, 0, 0
61631, 2, 0, -2
61631, 0, 0, 0
61632, 2, 0, -1
61632, 0, 0, 0
61633, 2, 0, -2
61633, 0, 0, 0
61634, 2, 0, -2
61634, 0, 0, 0
61635, 2, 0, -2
61635, 0, 0, 0
61637, 2, 0, -3
61637, 2, 1, -1
61637, 0, 0, 0
61638, 2, 0, -2
61638, 0, 0, 0
61639, 2, 0, -2
61639, 0, 0, 0
61640, 2, 0, -2
61640, 0, 0, 0
61641, 2, 0, -2
61641, 0, 0, 0
61642, 2, 0, -2
61642, 0, 0, 0
61643, 2, 0, -1
61643, 0, 0, 0
61644, 2, 0, -2
61644, 0, 0, 0
61645, 2, 0, -2
61645, 0, 0, 0
61646, 2, 0, -1
61646, 2, 1, -1
61646, 0, 0, 0
61647, 2, 0, -2
61647, 0, 0, 0
61648, 2, 0, -2
61648, 0, 0, 0
61649, 2, 0, -2
61649, 0, 0, 0
61650, 2, 0, -2
61650, 0, 0, 0
61651, 2, 0, -2
61651, 0, 0, 0
61652, 2, 0, -2
61652, 0, 0, 0
61653, 2, 0, -2
61653, 0, 0, 0
61654, 2, 0, -2
61654, 0, 0, 0
61655, 2, 0, -2
61655, 2, 1, -1
61655, 0, 0, 0
61656, 2, 0, -3
61656, 0, 0, 0
61657, 2, 0, -2
61657, 0, 0, 0
61658, 2, 0, -2
61658, 0, 0, 0
61659, 2, 0, -2
61659, 0, 0, 0
61660, 2, 0, -2
61660, 0, 0, 0
61661, 2, 0, -2
61661, 0, 0, 0
61662, 2, 0, -2
61662, 0, 0, 0
61663, 2, 0, -2
61663, 2, 1, -1
61663, 0, 0, 0
61664, 2, 0, -3
61664, 0, 0, 0
61665, 2, 0, -2
61665, 0, 0, 0
61666, 2, 0, -2
61666, 0, 0, 0
61667, 2, 0, -2
61667, 0, 0, 0
61668, 2, 0, -4
61668, 0, 0, 0
61669, 2, 0, -2
61669, 0, 0, 0
61670, 2, 0, -3
61670, 0, 0, 0
61671, 2, 0, -2
61671, 0, 0, 0
61672, 2, 0, -2
61672, 0, 0, 0
61673, 2, 0, -2
61673, 0, 0, 0
61674, 2, 0, -2
61674, 0, 0, 0
61675, 2, 0, -2
61675, 0, 0, 0
61676, 2, 0, -2
61676, 0, 0, 0
61677, 2, 0, -3
61677, 0, 0, 0
61678, 2, 0, -2
61678, 0, 0, 0
61679, 2, 0, -2
61679, 0, 0, 0
61680, 2, 0, -2
61680, 0, 0, 0
61681, 2, 0, -2
61681, 0, 0, 0
61682, 2, 0, -2
61682, 0, 0, 0
61683, 2, 0, -3
61683, 0, 0, 0
61684, 2, 0, -2
61684, 0, 0, 0
61685, 2, 0, -2
61685, 0, 0, 0
61686, 2, 0, -2
61686, 0, 0, 0
61687, 2, 0, -2
61687, 0, 0, 0
61688, 2, 0, -2
61688, 0, 0, 0
61689, 2, 0, -2
61689, 0, 0, 0
61690, 2, 0, -2
61690, 0, 0, 0
61691, 2, 0, -2
61691, 0, 0, 0
61692, 2, 0, -2
61692, 0, 0, 0
61693, 2, 0, -2
61693, 0, 0, 0
61694, 2, 0, -2
61694, 0, 0, 0
61695, 2, 0, -2
61695, 0, 0, 0
61696, 2, 0, -2
61696, 0, 0, 0
61697, 2, 0, -1
61697, 0, 0, 0
61698, 2, 0, -2
61698, 0, 0, 0
61699, 2, 0, -1
61699, 0, 0, 0
61700, 2, 0, -1
61700, 0, 0, 0
61701, 2, 0, -2
61701, 0, 0, 0
61703, 2, 0, -2
61703, 0, 0, 0
61704, 2, 0, -1
61704, 0, 0, 0
61705, 2, 0, -2
61705, 0, 0, 0
61707, 2, 0, -2
61707, 0, 0, 0
61709, 2, 0, -1
61709, 0, 0, 0
61710, 2, 0, -1
61710, 0, 0, 0
61711, 2, 0, -1
61711, 0, 0, 0
61712, 2, 0, -1
61712, 0, 0, 0
61714, 2, 0, -1
61714, 0, 0, 0
61716, 2, 0, -1
61716, 0, 0, 0
61719, 2, 0, -1
61719, 0, 0, 0
61723, 2, 0, -1
61723, 0, 0, 0
61753, 2, 0, -1
61753, 0, 0, 0
61758, 2, 0, -1
61758, 0, 0, 0
61762, 2, 0, -1
61762, 0, 0, 0
61763, 2, 1, 1
61763, 0, 0, 0
61765, 2, 0, -1
61765, 0, 0, 0
61768, 2, 0, -1
61768, 0, 0, 0
61770, 2, 0, -1
61770, 2, 1, 1
61770, 0, 0, 0
61771, 2, 0, -1
61771, 0, 0, 0
61773, 2, 0, -1
61773, 0, 0, 0
61774, 2, 0, -1
61774, 0, 0, 0
61776, 2, 0, -1
61776, 0, 0, 0
61777, 2, 0, -1
61777, 0, 0, 0
61778, 2, 1, 1
61778, 0, 0, 0
61779, 2, 0, -1
61779, 0, 0, 0
61780, 2, 0, -1
61780, 0, 0, 0
61781, 2, 0, -1
61781, 0, 0, 0
61783, 2, 0, -1
61783, 2, 1, 1
61783, 0, 0, 0
61784, 2, 0, -1
61784, 0, 0, 0
61785, 2, 0, -1
61785, 0, 0, 0
61787, 2, 0, -1
61787, 0, 0, 0
61788, 2, 0, -1
61788, 0, 0, 0
61789, 2, 0, -1
61789, 2, 1, 1
61789, 0, 0, 0
61791, 2, 0, -1
61791, 0, 0, 0
61792, 2, 0, -1
61792, 0, 0, 0
61794, 2, 0, -1
61794, 2, 1, 1
61794, 0, 0, 0
61795, 2, 0, -1
61795, 0, 0, 0
61796, 2, 0, -1
61796, 0, 0, 0
61798, 2, 0, -1
61798, 0, 0, 0
61799, 2, 0, -1
61799, 0, 0, 0
61801, 2, 0, -1
61801, 2, 1, 1
61801, 0, 0, 0
61802, 2, 0, -1
61802, 0, 0, 0
61804, 2, 0, -1
61804, 0, 0, 0
61806, 2, 0, -1
61806, 2, 1, 1
61806, 0, 0, 0
61808, 2, 0, -1
61808, 0, 0, 0
61809, 2, 0, -1
61809, 0, 0, 0
61811, 2, 0, -1
61811, 0, 0, 0
61812, 2, 0, -1
61812, 0, 0, 0
61813, 2, 1, 1
61813, 0, 0, 0
61814, 2, 0, -1
61814, 0, 0, 0
61815, 2, 0, -1
61815, 0, 0, 0
61817, 2, 0, -1
61817, 0, 0, 0
61818, 2, 1, 1
61818, 0, 0, 0
61819, 2, 0, -1
61819, 0, 0, 0
61820, 2, 0, -1
61820, 0, 0, 0
61822, 2, 0, -1
61822, 0, 0, 0
61824, 2, 0, -1
61824, 2, 1, 1
61824, 0, 0, 0
61825, 2, 0, -1
61825, 0, 0, 0
61827, 2, 0, -1
61827, 0, 0, 0
61828, 2, 0, -1
61828, 2, 1, 1
61828, 0, 0, 0
61830, 2, 0, -1
61830, 0, 0, 0
61831, 2, 0, -1
61831, 0, 0, 0
61833, 2, 0, -1
61833, 0, 0, 0
61834, 2, 0, -1
61834, 2, 1, 1
61834, 0, 0, 0
61836, 2, 0, -1
61836, 0, 0, 0
61837, 2, 0, -1
61837, 0, 0, 0
61838, 2, 1, 1
61838, 0, 0, 0
61839, 2, 0, -2
61839, 0, 0, 0
61841, 2, 0, -1
61841, 2, 1, 1
61841, 0, 0, 0
61842, 2, 0, -1
61842, 0, 0, 0
61844, 2, 0, -1
61844, 0, 0, 0
61846, 2, 0, -1
61846, 2, 1, 1
61846, 0, 0, 0
61848, 2, 0, -1
61848, 0, 0, 0
61849, 2, 1, 1
61849, 0, 0, 0
61850, 2, 0, -1
61850, 0, 0, 0
61852, 2, 0, -1
61852, 0, 0, 0
61853, 2, 1, 1
61853, 0, 0, 0
61854, 2, 0, -1
61854, 0, 0, 0
61856, 2, 0, -1
61856, 0, 0, 0
61857, 2, 1, 1
61857, 0, 0, 0
61859, 2, 0, -1
61859, 0, 0, 0
61861, 2, 1, 1
61861, 0, 0, 0
61862, 2, 0, -1
61862, 0, 0, 0
61864, 2, 0, -1
61864, 0, 0, 0
61865, 2, 1, 1
61865, 0, 0, 0
61867, 2, 0, -1
61867, 0, 0, 0
61869, 2, 1, 1
61869, 0, 0, 0
61870, 2, 0, -1
61870, 0, 0, 0
61872, 2, 0, -1
61872, 0, 0, 0
61873, 2, 1, 1
61873, 0, 0, 0
61875, 2, 0, -1
61875, 0, 0, 0
61876, 2, 1, 1
61876, 0, 0, 0
61878, 2, 0, -1
61878, 0, 0, 0
61879, 2, 1, 1
61879, 0, 0, 0
61881, 2, 0, -1
61881, 0, 0, 0
61883, 2, 1, 1
61883, 0, 0, 0